[
  {
    "generation": 0,
    "graph": [
      [
        32.51989017948254,
        63.116549031817264,
        0.0,
        0.0,
        0.0
      ],
      [
        63.116549031817264,
        58.388007103594056,
        0.0,
        0.0,
        0.0
      ],
      [
        0.0,
        0.0,
        92.45307342481323,
        2.8919134463293794,
        0.0
      ],
      [
        0.0,
        0.0,
        2.8919134463293794,
        31.692141757180014,
        47.63121239691731
      ],
      [
        0.0,
        0.0,
        0.0,
        47.63121239691731,
        76.3260355881271
      ]
    ],
    "b": [
      200,
      75,
      175,
      90,
      100
    ],
    "fitness": 4.335502425614647
  },
  {
    "generation": 1,
    "graph": [
      [
        32.51989017948254,
        63.116549031817264,
        0.0,
        0.0,
        0.0
      ],
      [
        63.116549031817264,
        58.388007103594056,
        0.0,
        0.0,
        0.0
      ],
      [
        0.0,
        0.0,
        92.45307342481323,
        2.8919134463293794,
        0.0
      ],
      [
        0.0,
        0.0,
        2.8919134463293794,
        31.692141757180014,
        47.63121239691731
      ],
      [
        0.0,
        0.0,
        0.0,
        47.63121239691731,
        76.3260355881271
      ]
    ],
    "b": [
      200,
      75,
      175,
      90,
      100
    ],
    "fitness": 4.335502425614647
  },
  {
    "generation": 2,
    "graph": [
      [
        32.51989017948254,
        63.116549031817264,
        0.0,
        0.0,
        0.0
      ],
      [
        63.116549031817264,
        58.388007103594056,
        0.0,
        0.0,
        0.0
      ],
      [
        0.0,
        0.0,
        92.45307342481323,
        2.8919134463293794,
        0.0
      ],
      [
        0.0,
        0.0,
        2.8919134463293794,
        31.692141757180014,
        47.63121239691731
      ],
      [
        0.0,
        0.0,
        0.0,
        47.63121239691731,
        76.3260355881271
      ]
    ],
    "b": [
      200,
      75,
      175,
      90,
      100
    ],
    "fitness": 4.335502425614647
  },
  {
    "generation": 3,
    "graph": [
      [
        32.51989017948254,
        63.116549031817264,
        0.0,
        0.0,
        0.0
      ],
      [
        63.116549031817264,
        58.388007103594056,
        0.0,
        0.0,
        0.0
      ],
      [
        0.0,
        0.0,
        92.45307342481323,
        2.8919134463293794,
        0.0
      ],
      [
        0.0,
        0.0,
        2.8919134463293794,
        31.692141757180014,
        47.63121239691731
      ],
      [
        0.0,
        0.0,
        0.0,
        47.63121239691731,
        76.3260355881271
      ]
    ],
    "b": [
      200,
      75,
      175,
      90,
      100
    ],
    "fitness": 4.335502425614647
  },
  {
    "generation": 4,
    "graph": [
      [
        32.51989017948254,
        63.116549031817264,
        0.0,
        0.0,
        0.0
      ],
      [
        63.116549031817264,
        58.388007103594056,
        0.0,
        0.0,
        0.0
      ],
      [
        0.0,
        0.0,
        92.45307342481323,
        2.8919134463293794,
        0.0
      ],
      [
        0.0,
        0.0,
        2.8919134463293794,
        31.692141757180014,
        47.63121239691731
      ],
      [
        0.0,
        0.0,
        0.0,
        47.63121239691731,
        76.3260355881271
      ]
    ],
    "b": [
      200,
      75,
      175,
      90,
      100
    ],
    "fitness": 4.335502425614647
  },
  {
    "generation": 5,
    "graph": [
      [
        32.51989017948254,
        63.116549031817264,
        0.0,
        0.0,
        0.0
      ],
      [
        63.116549031817264,
        58.388007103594056,
        0.0,
        0.0,
        0.0
      ],
      [
        0.0,
        0.0,
        92.45307342481323,
        2.8919134463293794,
        0.0
      ],
      [
        0.0,
        0.0,
        2.8919134463293794,
        31.692141757180014,
        47.63121239691731
      ],
      [
        0.0,
        0.0,
        0.0,
        47.63121239691731,
        76.3260355881271
      ]
    ],
    "b": [
      200,
      75,
      175,
      90,
      100
    ],
    "fitness": 4.335502425614647
  },
  {
    "generation": 6,
    "graph": [
      [
        32.51989017948254,
        63.116549031817264,
        0.0,
        0.0,
        0.0
      ],
      [
        63.116549031817264,
        58.388007103594056,
        0.0,
        0.0,
        0.0
      ],
      [
        0.0,
        0.0,
        92.45307342481323,
        2.8919134463293794,
        0.0
      ],
      [
        0.0,
        0.0,
        2.8919134463293794,
        31.692141757180014,
        47.63121239691731
      ],
      [
        0.0,
        0.0,
        0.0,
        47.63121239691731,
        76.3260355881271
      ]
    ],
    "b": [
      200,
      75,
      175,
      90,
      100
    ],
    "fitness": 4.335502425614647
  },
  {
    "generation": 7,
    "graph": [
      [
        32.51989017948254,
        63.116549031817264,
        0.0,
        0.0,
        0.0
      ],
      [
        63.116549031817264,
        58.388007103594056,
        0.0,
        0.0,
        0.0
      ],
      [
        0.0,
        0.0,
        92.45307342481323,
        2.8919134463293794,
        0.0
      ],
      [
        0.0,
        0.0,
        2.8919134463293794,
        31.692141757180014,
        47.63121239691731
      ],
      [
        0.0,
        0.0,
        0.0,
        47.63121239691731,
        76.3260355881271
      ]
    ],
    "b": [
      200,
      75,
      175,
      90,
      100
    ],
    "fitness": 4.335502425614647
  },
  {
    "generation": 8,
    "graph": [
      [
        32.51989017948254,
        63.116549031817264,
        0.0,
        0.0,
        0.0
      ],
      [
        63.116549031817264,
        58.388007103594056,
        0.0,
        0.0,
        0.0
      ],
      [
        0.0,
        0.0,
        92.45307342481323,
        2.8919134463293794,
        0.0
      ],
      [
        0.0,
        0.0,
        2.8919134463293794,
        31.692141757180014,
        47.63121239691731
      ],
      [
        0.0,
        0.0,
        0.0,
        47.63121239691731,
        76.3260355881271
      ]
    ],
    "b": [
      200,
      75,
      175,
      90,
      100
    ],
    "fitness": 4.335502425614647
  },
  {
    "generation": 9,
    "graph": [
      [
        32.51989017948254,
        63.116549031817264,
        0.0,
        0.0,
        0.0
      ],
      [
        63.116549031817264,
        58.388007103594056,
        0.0,
        0.0,
        0.0
      ],
      [
        0.0,
        0.0,
        92.45307342481323,
        2.8919134463293794,
        0.0
      ],
      [
        0.0,
        0.0,
        2.8919134463293794,
        31.692141757180014,
        47.63121239691731
      ],
      [
        0.0,
        0.0,
        0.0,
        47.63121239691731,
        76.3260355881271
      ]
    ],
    "b": [
      200,
      75,
      175,
      90,
      100
    ],
    "fitness": 4.335502425614647
  },
  {
    "generation": 10,
    "graph": [
      [
        32.51989017948254,
        63.116549031817264,
        0.0,
        0.0,
        0.0
      ],
      [
        63.116549031817264,
        58.388007103594056,
        0.0,
        0.0,
        0.0
      ],
      [
        0.0,
        0.0,
        92.45307342481323,
        2.8919134463293794,
        0.0
      ],
      [
        0.0,
        0.0,
        2.8919134463293794,
        31.692141757180014,
        47.63121239691731
      ],
      [
        0.0,
        0.0,
        0.0,
        47.63121239691731,
        76.3260355881271
      ]
    ],
    "b": [
      200,
      75,
      175,
      90,
      100
    ],
    "fitness": 4.335502425614647
  },
  {
    "generation": 11,
    "graph": [
      [
        32.51989017948254,
        63.116549031817264,
        0.0,
        0.0,
        0.0
      ],
      [
        63.116549031817264,
        58.388007103594056,
        0.0,
        0.0,
        0.0
      ],
      [
        0.0,
        0.0,
        92.45307342481323,
        2.8919134463293794,
        0.0
      ],
      [
        0.0,
        0.0,
        2.8919134463293794,
        31.692141757180014,
        47.63121239691731
      ],
      [
        0.0,
        0.0,
        0.0,
        47.63121239691731,
        76.3260355881271
      ]
    ],
    "b": [
      200,
      75,
      175,
      90,
      100
    ],
    "fitness": 4.335502425614647
  },
  {
    "generation": 12,
    "graph": [
      [
        32.51989017948254,
        63.116549031817264,
        0.0,
        0.0,
        0.0
      ],
      [
        63.116549031817264,
        58.388007103594056,
        0.0,
        0.0,
        0.0
      ],
      [
        0.0,
        0.0,
        92.45307342481323,
        2.8919134463293794,
        0.0
      ],
      [
        0.0,
        0.0,
        2.8919134463293794,
        31.692141757180014,
        47.63121239691731
      ],
      [
        0.0,
        0.0,
        0.0,
        47.63121239691731,
        76.3260355881271
      ]
    ],
    "b": [
      200,
      75,
      175,
      90,
      100
    ],
    "fitness": 4.335502425614647
  },
  {
    "generation": 13,
    "graph": [
      [
        32.51989017948254,
        63.116549031817264,
        0.0,
        0.0,
        0.0
      ],
      [
        63.116549031817264,
        58.388007103594056,
        0.0,
        0.0,
        0.0
      ],
      [
        0.0,
        0.0,
        92.45307342481323,
        2.8919134463293794,
        0.0
      ],
      [
        0.0,
        0.0,
        2.8919134463293794,
        31.692141757180014,
        47.63121239691731
      ],
      [
        0.0,
        0.0,
        0.0,
        47.63121239691731,
        76.3260355881271
      ]
    ],
    "b": [
      200,
      75,
      175,
      90,
      100
    ],
    "fitness": 4.335502425614647
  },
  {
    "generation": 14,
    "graph": [
      [
        32.51989017948254,
        63.116549031817264,
        0.0,
        0.0,
        0.0
      ],
      [
        63.116549031817264,
        58.388007103594056,
        0.0,
        0.0,
        0.0
      ],
      [
        0.0,
        0.0,
        92.45307342481323,
        2.8919134463293794,
        0.0
      ],
      [
        0.0,
        0.0,
        2.8919134463293794,
        31.692141757180014,
        47.63121239691731
      ],
      [
        0.0,
        0.0,
        0.0,
        47.63121239691731,
        76.3260355881271
      ]
    ],
    "b": [
      200,
      75,
      175,
      90,
      100
    ],
    "fitness": 4.335502425614647
  },
  {
    "generation": 15,
    "graph": [
      [
        32.51989017948254,
        63.116549031817264,
        0.0,
        0.0,
        0.0
      ],
      [
        63.116549031817264,
        58.388007103594056,
        0.0,
        0.0,
        0.0
      ],
      [
        0.0,
        0.0,
        92.45307342481323,
        2.8919134463293794,
        0.0
      ],
      [
        0.0,
        0.0,
        2.8919134463293794,
        31.692141757180014,
        47.63121239691731
      ],
      [
        0.0,
        0.0,
        0.0,
        47.63121239691731,
        76.3260355881271
      ]
    ],
    "b": [
      200,
      75,
      175,
      90,
      100
    ],
    "fitness": 4.335502425614647
  },
  {
    "generation": 16,
    "graph": [
      [
        32.51989017948254,
        63.116549031817264,
        0.0,
        0.0,
        0.0
      ],
      [
        63.116549031817264,
        58.388007103594056,
        0.0,
        0.0,
        0.0
      ],
      [
        0.0,
        0.0,
        92.45307342481323,
        2.8919134463293794,
        0.0
      ],
      [
        0.0,
        0.0,
        2.8919134463293794,
        31.692141757180014,
        47.63121239691731
      ],
      [
        0.0,
        0.0,
        0.0,
        47.63121239691731,
        76.3260355881271
      ]
    ],
    "b": [
      200,
      75,
      175,
      90,
      100
    ],
    "fitness": 4.335502425614647
  },
  {
    "generation": 17,
    "graph": [
      [
        32.51989017948254,
        63.116549031817264,
        0.0,
        0.0,
        0.0
      ],
      [
        63.116549031817264,
        58.388007103594056,
        0.0,
        0.0,
        0.0
      ],
      [
        0.0,
        0.0,
        92.45307342481323,
        2.8919134463293794,
        0.0
      ],
      [
        0.0,
        0.0,
        2.8919134463293794,
        31.692141757180014,
        47.63121239691731
      ],
      [
        0.0,
        0.0,
        0.0,
        47.63121239691731,
        76.3260355881271
      ]
    ],
    "b": [
      200,
      75,
      175,
      90,
      100
    ],
    "fitness": 4.335502425614647
  },
  {
    "generation": 18,
    "graph": [
      [
        32.51989017948254,
        63.116549031817264,
        0.0,
        0.0,
        0.0
      ],
      [
        63.116549031817264,
        58.388007103594056,
        0.0,
        0.0,
        0.0
      ],
      [
        0.0,
        0.0,
        92.45307342481323,
        2.8919134463293794,
        0.0
      ],
      [
        0.0,
        0.0,
        2.8919134463293794,
        31.692141757180014,
        47.63121239691731
      ],
      [
        0.0,
        0.0,
        0.0,
        47.63121239691731,
        76.3260355881271
      ]
    ],
    "b": [
      200,
      75,
      175,
      90,
      100
    ],
    "fitness": 4.335502425614647
  },
  {
    "generation": 19,
    "graph": [
      [
        32.51989017948254,
        63.116549031817264,
        0.0,
        0.0,
        0.0
      ],
      [
        63.116549031817264,
        58.388007103594056,
        0.0,
        0.0,
        0.0
      ],
      [
        0.0,
        0.0,
        92.45307342481323,
        2.8919134463293794,
        0.0
      ],
      [
        0.0,
        0.0,
        2.8919134463293794,
        31.692141757180014,
        47.63121239691731
      ],
      [
        0.0,
        0.0,
        0.0,
        47.63121239691731,
        76.3260355881271
      ]
    ],
    "b": [
      200,
      75,
      175,
      90,
      100
    ],
    "fitness": 4.335502425614647
  },
  {
    "generation": 20,
    "graph": [
      [
        32.51989017948254,
        63.116549031817264,
        0.0,
        0.0,
        0.0
      ],
      [
        63.116549031817264,
        58.388007103594056,
        0.0,
        0.0,
        0.0
      ],
      [
        0.0,
        0.0,
        92.45307342481323,
        2.8919134463293794,
        0.0
      ],
      [
        0.0,
        0.0,
        2.8919134463293794,
        31.692141757180014,
        47.63121239691731
      ],
      [
        0.0,
        0.0,
        0.0,
        47.63121239691731,
        76.3260355881271
      ]
    ],
    "b": [
      200,
      75,
      175,
      90,
      100
    ],
    "fitness": 4.335502425614647
  },
  {
    "generation": 21,
    "graph": [
      [
        32.51989017948254,
        63.116549031817264,
        0.0,
        0.0,
        0.0
      ],
      [
        63.116549031817264,
        58.388007103594056,
        0.0,
        0.0,
        0.0
      ],
      [
        0.0,
        0.0,
        92.45307342481323,
        2.8919134463293794,
        0.0
      ],
      [
        0.0,
        0.0,
        2.8919134463293794,
        31.692141757180014,
        47.63121239691731
      ],
      [
        0.0,
        0.0,
        0.0,
        47.63121239691731,
        76.3260355881271
      ]
    ],
    "b": [
      200,
      75,
      175,
      90,
      100
    ],
    "fitness": 4.335502425614647
  },
  {
    "generation": 22,
    "graph": [
      [
        32.51989017948254,
        63.116549031817264,
        0.0,
        0.0,
        0.0
      ],
      [
        63.116549031817264,
        58.388007103594056,
        0.0,
        0.0,
        0.0
      ],
      [
        0.0,
        0.0,
        92.45307342481323,
        2.8919134463293794,
        0.0
      ],
      [
        0.0,
        0.0,
        2.8919134463293794,
        31.692141757180014,
        47.63121239691731
      ],
      [
        0.0,
        0.0,
        0.0,
        47.63121239691731,
        76.3260355881271
      ]
    ],
    "b": [
      200,
      75,
      175,
      90,
      100
    ],
    "fitness": 4.335502425614647
  },
  {
    "generation": 23,
    "graph": [
      [
        32.51989017948254,
        63.116549031817264,
        0.0,
        0.0,
        0.0
      ],
      [
        63.116549031817264,
        58.388007103594056,
        0.0,
        0.0,
        0.0
      ],
      [
        0.0,
        0.0,
        92.45307342481323,
        2.8919134463293794,
        0.0
      ],
      [
        0.0,
        0.0,
        2.8919134463293794,
        31.692141757180014,
        47.63121239691731
      ],
      [
        0.0,
        0.0,
        0.0,
        47.63121239691731,
        76.3260355881271
      ]
    ],
    "b": [
      200,
      75,
      175,
      90,
      100
    ],
    "fitness": 4.335502425614647
  },
  {
    "generation": 24,
    "graph": [
      [
        32.51989017948254,
        63.116549031817264,
        0.0,
        0.0,
        0.0
      ],
      [
        63.116549031817264,
        58.388007103594056,
        0.0,
        0.0,
        0.0
      ],
      [
        0.0,
        0.0,
        92.45307342481323,
        2.8919134463293794,
        0.0
      ],
      [
        0.0,
        0.0,
        2.8919134463293794,
        31.692141757180014,
        47.63121239691731
      ],
      [
        0.0,
        0.0,
        0.0,
        47.63121239691731,
        76.3260355881271
      ]
    ],
    "b": [
      200,
      75,
      175,
      90,
      100
    ],
    "fitness": 4.335502425614647
  },
  {
    "generation": 25,
    "graph": [
      [
        32.51989017948254,
        63.116549031817264,
        0.0,
        0.0,
        0.0
      ],
      [
        63.116549031817264,
        58.388007103594056,
        0.0,
        0.0,
        0.0
      ],
      [
        0.0,
        0.0,
        92.45307342481323,
        2.8919134463293794,
        0.0
      ],
      [
        0.0,
        0.0,
        2.8919134463293794,
        31.692141757180014,
        47.63121239691731
      ],
      [
        0.0,
        0.0,
        0.0,
        47.63121239691731,
        76.3260355881271
      ]
    ],
    "b": [
      200,
      75,
      175,
      90,
      100
    ],
    "fitness": 4.335502425614647
  },
  {
    "generation": 26,
    "graph": [
      [
        32.51989017948254,
        63.116549031817264,
        0.0,
        0.0,
        0.0
      ],
      [
        63.116549031817264,
        58.388007103594056,
        0.0,
        0.0,
        0.0
      ],
      [
        0.0,
        0.0,
        92.45307342481323,
        2.8919134463293794,
        0.0
      ],
      [
        0.0,
        0.0,
        2.8919134463293794,
        31.692141757180014,
        47.63121239691731
      ],
      [
        0.0,
        0.0,
        0.0,
        47.63121239691731,
        76.3260355881271
      ]
    ],
    "b": [
      200,
      75,
      175,
      90,
      100
    ],
    "fitness": 4.335502425614647
  },
  {
    "generation": 27,
    "graph": [
      [
        32.51989017948254,
        63.116549031817264,
        0.0,
        0.0,
        0.0
      ],
      [
        63.116549031817264,
        58.388007103594056,
        0.0,
        0.0,
        0.0
      ],
      [
        0.0,
        0.0,
        92.45307342481323,
        2.8919134463293794,
        0.0
      ],
      [
        0.0,
        0.0,
        2.8919134463293794,
        31.692141757180014,
        47.63121239691731
      ],
      [
        0.0,
        0.0,
        0.0,
        47.63121239691731,
        76.3260355881271
      ]
    ],
    "b": [
      200,
      75,
      175,
      90,
      100
    ],
    "fitness": 4.335502425614647
  },
  {
    "generation": 28,
    "graph": [
      [
        32.51989017948254,
        63.116549031817264,
        0.0,
        0.0,
        0.0
      ],
      [
        63.116549031817264,
        58.388007103594056,
        0.0,
        0.0,
        0.0
      ],
      [
        0.0,
        0.0,
        92.45307342481323,
        2.8919134463293794,
        0.0
      ],
      [
        0.0,
        0.0,
        2.8919134463293794,
        31.692141757180014,
        47.63121239691731
      ],
      [
        0.0,
        0.0,
        0.0,
        47.63121239691731,
        76.3260355881271
      ]
    ],
    "b": [
      200,
      75,
      175,
      90,
      100
    ],
    "fitness": 4.335502425614647
  },
  {
    "generation": 29,
    "graph": [
      [
        32.51989017948254,
        63.116549031817264,
        0.0,
        0.0,
        0.0
      ],
      [
        63.116549031817264,
        58.388007103594056,
        0.0,
        0.0,
        0.0
      ],
      [
        0.0,
        0.0,
        92.45307342481323,
        2.8919134463293794,
        0.0
      ],
      [
        0.0,
        0.0,
        2.8919134463293794,
        31.692141757180014,
        47.63121239691731
      ],
      [
        0.0,
        0.0,
        0.0,
        47.63121239691731,
        76.3260355881271
      ]
    ],
    "b": [
      200,
      75,
      175,
      90,
      100
    ],
    "fitness": 4.335502425614647
  },
  {
    "generation": 30,
    "graph": [
      [
        32.51989017948254,
        63.116549031817264,
        0.0,
        0.0,
        0.0
      ],
      [
        63.116549031817264,
        58.388007103594056,
        0.0,
        0.0,
        0.0
      ],
      [
        0.0,
        0.0,
        92.45307342481323,
        2.8919134463293794,
        0.0
      ],
      [
        0.0,
        0.0,
        2.8919134463293794,
        31.692141757180014,
        47.63121239691731
      ],
      [
        0.0,
        0.0,
        0.0,
        47.63121239691731,
        76.3260355881271
      ]
    ],
    "b": [
      200,
      75,
      175,
      90,
      100
    ],
    "fitness": 4.335502425614647
  },
  {
    "generation": 31,
    "graph": [
      [
        32.51989017948254,
        63.116549031817264,
        0.0,
        0.0,
        0.0
      ],
      [
        63.116549031817264,
        58.388007103594056,
        0.0,
        0.0,
        0.0
      ],
      [
        0.0,
        0.0,
        92.45307342481323,
        2.8919134463293794,
        0.0
      ],
      [
        0.0,
        0.0,
        2.8919134463293794,
        31.692141757180014,
        47.63121239691731
      ],
      [
        0.0,
        0.0,
        0.0,
        47.63121239691731,
        76.3260355881271
      ]
    ],
    "b": [
      200,
      75,
      175,
      90,
      100
    ],
    "fitness": 4.335502425614647
  },
  {
    "generation": 32,
    "graph": [
      [
        32.51989017948254,
        63.116549031817264,
        0.0,
        0.0,
        0.0
      ],
      [
        63.116549031817264,
        58.388007103594056,
        0.0,
        0.0,
        0.0
      ],
      [
        0.0,
        0.0,
        92.45307342481323,
        2.8919134463293794,
        0.0
      ],
      [
        0.0,
        0.0,
        2.8919134463293794,
        31.692141757180014,
        47.63121239691731
      ],
      [
        0.0,
        0.0,
        0.0,
        47.63121239691731,
        76.3260355881271
      ]
    ],
    "b": [
      200,
      75,
      175,
      90,
      100
    ],
    "fitness": 4.335502425614647
  },
  {
    "generation": 33,
    "graph": [
      [
        32.51989017948254,
        63.116549031817264,
        0.0,
        0.0,
        0.0
      ],
      [
        63.116549031817264,
        58.388007103594056,
        0.0,
        0.0,
        0.0
      ],
      [
        0.0,
        0.0,
        92.45307342481323,
        2.8919134463293794,
        0.0
      ],
      [
        0.0,
        0.0,
        2.8919134463293794,
        31.692141757180014,
        47.63121239691731
      ],
      [
        0.0,
        0.0,
        0.0,
        47.63121239691731,
        76.3260355881271
      ]
    ],
    "b": [
      200,
      75,
      175,
      90,
      100
    ],
    "fitness": 4.335502425614647
  },
  {
    "generation": 34,
    "graph": [
      [
        32.51989017948254,
        63.116549031817264,
        0.0,
        0.0,
        0.0
      ],
      [
        63.116549031817264,
        58.388007103594056,
        0.0,
        0.0,
        0.0
      ],
      [
        0.0,
        0.0,
        92.45307342481323,
        2.8919134463293794,
        0.0
      ],
      [
        0.0,
        0.0,
        2.8919134463293794,
        31.692141757180014,
        47.63121239691731
      ],
      [
        0.0,
        0.0,
        0.0,
        47.63121239691731,
        76.3260355881271
      ]
    ],
    "b": [
      200,
      75,
      175,
      90,
      100
    ],
    "fitness": 4.335502425614647
  },
  {
    "generation": 35,
    "graph": [
      [
        32.51989017948254,
        63.116549031817264,
        0.0,
        0.0,
        0.0
      ],
      [
        63.116549031817264,
        58.388007103594056,
        0.0,
        0.0,
        0.0
      ],
      [
        0.0,
        0.0,
        92.45307342481323,
        2.8919134463293794,
        0.0
      ],
      [
        0.0,
        0.0,
        2.8919134463293794,
        31.692141757180014,
        47.63121239691731
      ],
      [
        0.0,
        0.0,
        0.0,
        47.63121239691731,
        76.3260355881271
      ]
    ],
    "b": [
      200,
      75,
      175,
      90,
      100
    ],
    "fitness": 4.335502425614647
  },
  {
    "generation": 36,
    "graph": [
      [
        32.51989017948254,
        63.116549031817264,
        0.0,
        0.0,
        0.0
      ],
      [
        63.116549031817264,
        58.388007103594056,
        0.0,
        0.0,
        0.0
      ],
      [
        0.0,
        0.0,
        92.45307342481323,
        2.8919134463293794,
        0.0
      ],
      [
        0.0,
        0.0,
        2.8919134463293794,
        31.692141757180014,
        47.63121239691731
      ],
      [
        0.0,
        0.0,
        0.0,
        47.63121239691731,
        76.3260355881271
      ]
    ],
    "b": [
      200,
      75,
      175,
      90,
      100
    ],
    "fitness": 4.335502425614647
  },
  {
    "generation": 37,
    "graph": [
      [
        32.51989017948254,
        63.116549031817264,
        0.0,
        0.0,
        0.0
      ],
      [
        63.116549031817264,
        58.388007103594056,
        0.0,
        0.0,
        0.0
      ],
      [
        0.0,
        0.0,
        92.45307342481323,
        2.8919134463293794,
        0.0
      ],
      [
        0.0,
        0.0,
        2.8919134463293794,
        31.692141757180014,
        47.63121239691731
      ],
      [
        0.0,
        0.0,
        0.0,
        47.63121239691731,
        76.3260355881271
      ]
    ],
    "b": [
      200,
      75,
      175,
      90,
      100
    ],
    "fitness": 4.335502425614647
  },
  {
    "generation": 38,
    "graph": [
      [
        32.51989017948254,
        63.116549031817264,
        0.0,
        0.0,
        0.0
      ],
      [
        63.116549031817264,
        58.388007103594056,
        0.0,
        0.0,
        0.0
      ],
      [
        0.0,
        0.0,
        92.45307342481323,
        2.8919134463293794,
        0.0
      ],
      [
        0.0,
        0.0,
        2.8919134463293794,
        31.692141757180014,
        47.63121239691731
      ],
      [
        0.0,
        0.0,
        0.0,
        47.63121239691731,
        76.3260355881271
      ]
    ],
    "b": [
      200,
      75,
      175,
      90,
      100
    ],
    "fitness": 4.335502425614647
  },
  {
    "generation": 39,
    "graph": [
      [
        32.51989017948254,
        63.116549031817264,
        0.0,
        0.0,
        0.0
      ],
      [
        63.116549031817264,
        58.388007103594056,
        0.0,
        0.0,
        0.0
      ],
      [
        0.0,
        0.0,
        92.45307342481323,
        2.8919134463293794,
        0.0
      ],
      [
        0.0,
        0.0,
        2.8919134463293794,
        31.692141757180014,
        47.63121239691731
      ],
      [
        0.0,
        0.0,
        0.0,
        47.63121239691731,
        76.3260355881271
      ]
    ],
    "b": [
      200,
      75,
      175,
      90,
      100
    ],
    "fitness": 4.335502425614647
  },
  {
    "generation": 40,
    "graph": [
      [
        32.51989017948254,
        63.116549031817264,
        0.0,
        0.0,
        0.0
      ],
      [
        63.116549031817264,
        58.388007103594056,
        0.0,
        0.0,
        0.0
      ],
      [
        0.0,
        0.0,
        92.45307342481323,
        2.8919134463293794,
        0.0
      ],
      [
        0.0,
        0.0,
        2.8919134463293794,
        31.692141757180014,
        47.63121239691731
      ],
      [
        0.0,
        0.0,
        0.0,
        47.63121239691731,
        76.3260355881271
      ]
    ],
    "b": [
      200,
      75,
      175,
      90,
      100
    ],
    "fitness": 4.335502425614647
  },
  {
    "generation": 41,
    "graph": [
      [
        32.51989017948254,
        63.116549031817264,
        0.0,
        0.0,
        0.0
      ],
      [
        63.116549031817264,
        58.388007103594056,
        0.0,
        0.0,
        0.0
      ],
      [
        0.0,
        0.0,
        92.45307342481323,
        2.8919134463293794,
        0.0
      ],
      [
        0.0,
        0.0,
        2.8919134463293794,
        31.692141757180014,
        47.63121239691731
      ],
      [
        0.0,
        0.0,
        0.0,
        47.63121239691731,
        76.3260355881271
      ]
    ],
    "b": [
      200,
      75,
      175,
      90,
      100
    ],
    "fitness": 4.335502425614647
  },
  {
    "generation": 42,
    "graph": [
      [
        32.51989017948254,
        63.116549031817264,
        0.0,
        0.0,
        0.0
      ],
      [
        63.116549031817264,
        58.388007103594056,
        0.0,
        0.0,
        0.0
      ],
      [
        0.0,
        0.0,
        92.45307342481323,
        2.8919134463293794,
        0.0
      ],
      [
        0.0,
        0.0,
        2.8919134463293794,
        31.692141757180014,
        47.63121239691731
      ],
      [
        0.0,
        0.0,
        0.0,
        47.63121239691731,
        76.3260355881271
      ]
    ],
    "b": [
      200,
      75,
      175,
      90,
      100
    ],
    "fitness": 4.335502425614647
  },
  {
    "generation": 43,
    "graph": [
      [
        32.51989017948254,
        63.116549031817264,
        0.0,
        0.0,
        0.0
      ],
      [
        63.116549031817264,
        58.388007103594056,
        0.0,
        0.0,
        0.0
      ],
      [
        0.0,
        0.0,
        92.45307342481323,
        2.8919134463293794,
        0.0
      ],
      [
        0.0,
        0.0,
        2.8919134463293794,
        31.692141757180014,
        47.63121239691731
      ],
      [
        0.0,
        0.0,
        0.0,
        47.63121239691731,
        76.3260355881271
      ]
    ],
    "b": [
      200,
      75,
      175,
      90,
      100
    ],
    "fitness": 4.335502425614647
  },
  {
    "generation": 44,
    "graph": [
      [
        32.51989017948254,
        63.116549031817264,
        0.0,
        0.0,
        0.0
      ],
      [
        63.116549031817264,
        58.388007103594056,
        0.0,
        0.0,
        0.0
      ],
      [
        0.0,
        0.0,
        92.45307342481323,
        2.8919134463293794,
        0.0
      ],
      [
        0.0,
        0.0,
        2.8919134463293794,
        31.692141757180014,
        47.63121239691731
      ],
      [
        0.0,
        0.0,
        0.0,
        47.63121239691731,
        76.3260355881271
      ]
    ],
    "b": [
      200,
      75,
      175,
      90,
      100
    ],
    "fitness": 4.335502425614647
  },
  {
    "generation": 45,
    "graph": [
      [
        32.51989017948254,
        63.116549031817264,
        0.0,
        0.0,
        0.0
      ],
      [
        63.116549031817264,
        58.388007103594056,
        0.0,
        0.0,
        0.0
      ],
      [
        0.0,
        0.0,
        92.45307342481323,
        2.8919134463293794,
        0.0
      ],
      [
        0.0,
        0.0,
        2.8919134463293794,
        31.692141757180014,
        47.63121239691731
      ],
      [
        0.0,
        0.0,
        0.0,
        47.63121239691731,
        76.3260355881271
      ]
    ],
    "b": [
      200,
      75,
      175,
      90,
      100
    ],
    "fitness": 4.335502425614647
  },
  {
    "generation": 46,
    "graph": [
      [
        32.51989017948254,
        63.116549031817264,
        0.0,
        0.0,
        0.0
      ],
      [
        63.116549031817264,
        58.388007103594056,
        0.0,
        0.0,
        0.0
      ],
      [
        0.0,
        0.0,
        92.45307342481323,
        2.8919134463293794,
        0.0
      ],
      [
        0.0,
        0.0,
        2.8919134463293794,
        31.692141757180014,
        47.63121239691731
      ],
      [
        0.0,
        0.0,
        0.0,
        47.63121239691731,
        76.3260355881271
      ]
    ],
    "b": [
      200,
      75,
      175,
      90,
      100
    ],
    "fitness": 4.335502425614647
  },
  {
    "generation": 47,
    "graph": [
      [
        32.51989017948254,
        63.116549031817264,
        0.0,
        0.0,
        0.0
      ],
      [
        63.116549031817264,
        58.388007103594056,
        0.0,
        0.0,
        0.0
      ],
      [
        0.0,
        0.0,
        92.45307342481323,
        2.8919134463293794,
        0.0
      ],
      [
        0.0,
        0.0,
        2.8919134463293794,
        31.692141757180014,
        47.63121239691731
      ],
      [
        0.0,
        0.0,
        0.0,
        47.63121239691731,
        76.3260355881271
      ]
    ],
    "b": [
      200,
      75,
      175,
      90,
      100
    ],
    "fitness": 4.335502425614647
  },
  {
    "generation": 48,
    "graph": [
      [
        32.51989017948254,
        63.116549031817264,
        0.0,
        0.0,
        0.0
      ],
      [
        63.116549031817264,
        58.388007103594056,
        0.0,
        0.0,
        0.0
      ],
      [
        0.0,
        0.0,
        92.45307342481323,
        2.8919134463293794,
        0.0
      ],
      [
        0.0,
        0.0,
        2.8919134463293794,
        31.692141757180014,
        47.63121239691731
      ],
      [
        0.0,
        0.0,
        0.0,
        47.63121239691731,
        76.3260355881271
      ]
    ],
    "b": [
      200,
      75,
      175,
      90,
      100
    ],
    "fitness": 4.335502425614647
  },
  {
    "generation": 49,
    "graph": [
      [
        32.51989017948254,
        63.116549031817264,
        0.0,
        0.0,
        0.0
      ],
      [
        63.116549031817264,
        58.388007103594056,
        0.0,
        0.0,
        0.0
      ],
      [
        0.0,
        0.0,
        92.45307342481323,
        2.8919134463293794,
        0.0
      ],
      [
        0.0,
        0.0,
        2.8919134463293794,
        31.692141757180014,
        47.63121239691731
      ],
      [
        0.0,
        0.0,
        0.0,
        47.63121239691731,
        76.3260355881271
      ]
    ],
    "b": [
      200,
      75,
      175,
      90,
      100
    ],
    "fitness": 4.335502425614647
  },
  {
    "generation": 50,
    "graph": [
      [
        32.51989017948254,
        63.116549031817264,
        0.0,
        0.0,
        0.0
      ],
      [
        63.116549031817264,
        58.388007103594056,
        0.0,
        0.0,
        0.0
      ],
      [
        0.0,
        0.0,
        92.45307342481323,
        2.8919134463293794,
        0.0
      ],
      [
        0.0,
        0.0,
        2.8919134463293794,
        31.692141757180014,
        47.63121239691731
      ],
      [
        0.0,
        0.0,
        0.0,
        47.63121239691731,
        76.3260355881271
      ]
    ],
    "b": [
      200,
      75,
      175,
      90,
      100
    ],
    "fitness": 4.335502425614647
  },
  {
    "generation": 51,
    "graph": [
      [
        32.51989017948254,
        63.116549031817264,
        0.0,
        0.0,
        0.0
      ],
      [
        63.116549031817264,
        58.388007103594056,
        0.0,
        0.0,
        0.0
      ],
      [
        0.0,
        0.0,
        92.45307342481323,
        2.8919134463293794,
        0.0
      ],
      [
        0.0,
        0.0,
        2.8919134463293794,
        31.692141757180014,
        47.63121239691731
      ],
      [
        0.0,
        0.0,
        0.0,
        47.63121239691731,
        76.3260355881271
      ]
    ],
    "b": [
      200,
      75,
      175,
      90,
      100
    ],
    "fitness": 4.335502425614647
  },
  {
    "generation": 52,
    "graph": [
      [
        32.51989017948254,
        63.116549031817264,
        0.0,
        0.0,
        0.0
      ],
      [
        63.116549031817264,
        58.388007103594056,
        0.0,
        0.0,
        0.0
      ],
      [
        0.0,
        0.0,
        92.45307342481323,
        2.8919134463293794,
        0.0
      ],
      [
        0.0,
        0.0,
        2.8919134463293794,
        31.692141757180014,
        47.63121239691731
      ],
      [
        0.0,
        0.0,
        0.0,
        47.63121239691731,
        76.3260355881271
      ]
    ],
    "b": [
      200,
      75,
      175,
      90,
      100
    ],
    "fitness": 4.335502425614647
  },
  {
    "generation": 53,
    "graph": [
      [
        32.51989017948254,
        63.116549031817264,
        0.0,
        0.0,
        0.0
      ],
      [
        63.116549031817264,
        58.388007103594056,
        0.0,
        0.0,
        0.0
      ],
      [
        0.0,
        0.0,
        92.45307342481323,
        2.8919134463293794,
        0.0
      ],
      [
        0.0,
        0.0,
        2.8919134463293794,
        31.692141757180014,
        47.63121239691731
      ],
      [
        0.0,
        0.0,
        0.0,
        47.63121239691731,
        76.3260355881271
      ]
    ],
    "b": [
      200,
      75,
      175,
      90,
      100
    ],
    "fitness": 4.335502425614647
  },
  {
    "generation": 54,
    "graph": [
      [
        32.51989017948254,
        63.116549031817264,
        0.0,
        0.0,
        0.0
      ],
      [
        63.116549031817264,
        58.388007103594056,
        0.0,
        0.0,
        0.0
      ],
      [
        0.0,
        0.0,
        92.45307342481323,
        2.8919134463293794,
        0.0
      ],
      [
        0.0,
        0.0,
        2.8919134463293794,
        31.692141757180014,
        47.63121239691731
      ],
      [
        0.0,
        0.0,
        0.0,
        47.63121239691731,
        76.3260355881271
      ]
    ],
    "b": [
      200,
      75,
      175,
      90,
      100
    ],
    "fitness": 4.335502425614647
  },
  {
    "generation": 55,
    "graph": [
      [
        32.51989017948254,
        63.116549031817264,
        0.0,
        0.0,
        0.0
      ],
      [
        63.116549031817264,
        58.388007103594056,
        0.0,
        0.0,
        0.0
      ],
      [
        0.0,
        0.0,
        92.45307342481323,
        2.8919134463293794,
        0.0
      ],
      [
        0.0,
        0.0,
        2.8919134463293794,
        31.692141757180014,
